1,1535059471432
2,1535059472006
3,1535059472584
4,1535059473182
5,1535059473747
6,1535059474277
7,1535059474828
8,1535059475337
9,1535059475864
10,1535059476408
11,1535059476957
12,1535059477491
13,1535059478051
14,1535059478568
15,1535059479102
16,1535059479681
17,1535059480197
18,1535059480731
19,1535059481242
20,1535059481759
21,1535059482305
22,1535059482838
23,1535059483387
24,1535059483934
25,1535059484504
26,1535059485008
27,1535059485532
28,1535059486066
29,1535059486609
30,1535059487145
31,1535059487714
32,1535059488275
33,1535059488790
34,1535059489307
35,1535059489853
36,1535059490371
37,1535059490937
38,1535059491470
39,1535059491998
40,1535059492532
41,1535059493066
42,1535059493578
43,1535059494164
44,1535059494674
45,1535059495203
46,1535059495736
47,1535059496243
48,1535059496737
49,1535059497236
50,1535059497830
51,1535059498349
52,1535059498881
53,1535059499492
54,1535059500032
55,1535059500541
56,1535059501040
57,1535059501590
58,1535059502102
59,1535059502635
60,1535059503166
61,1535059503712
62,1535059504265
63,1535059504845
64,1535059505315
65,1535059505866
66,1535059506383
67,1535059506946
68,1535059507488
69,1535059507975
70,1535059508521
71,1535059509051
72,1535059509537
73,1535059510065
74,1535059510642
75,1535059511167
76,1535059511660
77,1535059512210
78,1535059512811
79,1535059513360
80,1535059513840
81,1535059514391
82,1535059514955
83,1535059515501
84,1535059515997
85,1535059516598
86,1535059517084
87,1535059517667
88,1535059518190
89,1535059518677
90,1535059519241
91,1535059519806
92,1535059520340
93,1535059520858
94,1535059521419
95,1535059521930
96,1535059522481
97,1535059523105
98,1535059523599
99,1535059524176
100,1535059524743
101,1535059525255
102,1535059525803
103,1535059526375
104,1535059526917
105,1535059527468
106,1535059527986
107,1535059528553
108,1535059529097
109,1535059529676
110,1535059530169
111,1535059530730
112,1535059531229
113,1535059531789
114,1535059532313
115,1535059532910
116,1535059533392
117,1535059533920
118,1535059534464
119,1535059535034
120,1535059535661
121,1535059536123
